Year	Interactions	Transitivity	CPL	Assortativity
1999.0	0.0	0.0	0.0	0.0
1999.15	190.44000000048254	1.5779956559165698e-05	0.022500000000029274	6.794423470493551e-08
1999.3000000000002	507.84000000020023	4.2079884157775194e-05	0.06000000000007333	1.8118462587982803e-07
1999.4500000000003	952.2000000007974	7.889978279584237e-05	0.11250000000013571	3.3972117352456914e-07
1999.6000000000004	1523.5200000019279	0.00012623965247325896	0.1800000000002143	5.435538776397443e-07
1999.7500000000005	2221.800000002142	0.00018409949319015315	0.2625000000003155	7.926827382246452e-07
1999.9000000000005	3047.0400000031304	0.0002524793049465005	0.3600000000004359	1.087107755279216e-06
2000.0500000000006	3895.0975000027393	0.00031198762192558016	0.43558593750010743	1.2847989500012601e-06
2000.2000000000007	4596.246913583173	0.00033622553369347076	0.44555555555547877	1.2473755257605991e-06
2000.3500000000008	5218.593600003491	0.0003418429740353002	0.42659999999982007	1.1387097638829168e-06
2000.500000000001	4544.86560000258	0.0002449499650471476	0.2780999999997391	7.306796950922248e-07
2000.650000000001	3842.08000000217	0.00015650408955225625	0.16312499999978627	5.309039400736362e-07
2000.800000000001	3172.6464000012725	8.582678002958255e-05	0.09652499999991733	5.833673806267085e-07
2000.9500000000012	2588.5200000013224	3.762267491025373e-05	0.08100000000009118	8.700337459092295e-07
2001.1000000000013	2099.1376000014134	1.1668713310866719e-05	0.08099999999997749	3.769446073361056e-06
2001.2500000000014	1731.7776000007987	2.661008827212208e-06	0.0809999999999718	1.388358565906668e-05
2001.4000000000015	1518.6960000010672	2.5873412117377592e-06	0.08100000000008549	3.319148613827143e-05
2001.5500000000015	1410.393600000767	3.4421866677653013e-06	0.09652500000049713	6.186024973739261e-05
2001.7000000000016	1297.4400000004098	6.0778520825977015e-06	0.16312500000100272	9.926086632713084e-05
2001.8500000000017	1189.1664000004996	1.0373546997524685e-05	0.27810000000150126	0.00014272055112192657
2002.0000000000018	1094.1264000000433	1.5790376312718735e-05	0.4266000000018778	0.00018794787995177962
2002.150000000002	983.0888999994844	2.9181178298262612e-05	0.5816250000019977	0.00016175616637939435
2002.300000000002	874.728899999382	5.089020001243505e-05	0.7040250000017239	0.0001596715968579597
2002.450000000002	784.3463999996893	7.854719453292691e-05	0.7425000000008822	0.0002544524670376979
2002.6000000000022	697.8599999994971	0.00011235539158533092	0.7425000000008766	0.0005019909573573042
2002.7500000000023	611.5724999993108	0.00015174695097129321	0.7425000000008766	0.0009120429902848979
2002.9000000000024	532.386899999436	0.00019357054793991691	0.7425000000008822	0.0014518044031859739
2003.0500000000025	457.7582249993458	0.0002236327289249107	0.7163999999996122	0.001957946759201152
2003.2000000000025	380.4320249991491	0.00022167910557879534	0.6279999999987922	0.0021685501456032586
2003.3500000000026	312.76259999936445	0.00019240132386068033	0.5060999999983551	0.0020360659510302243
2003.5000000000027	263.3120999992825	0.00014022959127023976	0.3740999999982023	0.0015108366776066414
2003.6500000000028	212.6081249992363	9.179942012387671e-05	0.2499999999983288	0.0010154047447613998
2003.800000000003	165.25552499936893	5.2107802792210334e-05	0.1463999999986413	0.0005998608292363299
2003.950000000003	124.8749999994412	2.3864763338986293e-05	0.07049999999903775	0.0002932125589859315
2004.100000000003	97.2413999996148	7.553784846352218e-06	0.02359999999948741	0.00010333118450186544
2004.2500000000032	84.77739999992772	1.0381337371495603e-06	0.00822499999998172	1.7142039962371458e-05
2004.4000000000033	87.48300000010059	3.057564674655011e-07	0.017625000000316506	4.0767523411672223e-07
2004.5500000000034	100.59472500020638	4.522379138033328e-07	0.03660000000049877	3.717116660410802e-07
2004.7000000000035	115.32812500018626	8.250223689734714e-07	0.06250000000065939	3.344811681751936e-07
2004.8500000000035	130.52490000026302	1.4055428993769991e-06	0.09352500000076133	2.99074814717748e-07
2005.0000000000036	144.86340000005438	2.1227678227361824e-06	0.12652500000035616	2.6825794655072066e-07
2005.1500000000037	150.51189999990166	2.759421728797118e-06	0.13952499999994644	3.3211709249067467e-07
2005.3000000000038	147.47039999980478	3.1534512307251905e-06	0.13252499999954354	5.040416767604361e-07
2005.450000000004	135.73889999957754	3.1077917498317785e-06	0.10552499999914744	7.886765451332877e-07
2005.600000000004	120.53249999945983	2.8645896588297417e-06	0.07312499999919737	1.1687678076792441e-06
2005.750000000004	105.3731249993667	2.6185828368968654e-06	0.044999999999311056	1.6165535095528926e-06
2005.9000000000042	91.47352499943227	2.3894518297901126e-06	0.02339999999948077	2.0962107946054243e-06
2006.0500000000043	79.61759999934584	2.153129540147236e-06	0.009224999999662486	2.4383662038864053e-06
2006.2000000000044	70.26039999937639	1.8633764491918225e-06	0.002024999999832744	2.4042966400447675e-06
2006.3500000000045	64.32622499959544	1.5741814074834992e-06	-7.958078640513122e-14	2.0571596539870065e-06
2006.5000000000045	62.51122499955818	1.3270433705039886e-06	-7.958078640513122e-14	1.4561606899825275e-06
2006.6500000000046	60.52562499949708	1.0734633846876117e-06	-7.958078640513122e-14	9.148078243106928e-07
2006.8000000000047	58.53502499954775	8.364501788579725e-07	-7.958078640513122e-14	4.911178308822373e-07
2006.9500000000048	56.699624999705705	6.341377708662943e-07	-7.958078640513122e-14	2.126829434921651e-07
2007.100000000005	58.58322499971837	4.275672779080475e-07	-7.958078640513122e-14	1.1426172367642873e-07
2007.250000000005	65.84022499993443	2.4925463861097395e-07	-7.958078640513122e-14	2.6240306798472337e-07
2007.400000000005	77.98462499994784	1.4303350263505933e-07	-7.958078640513122e-14	6.232567088503005e-07
2007.5500000000052	94.02022500010207	1.0645873986386833e-07	-7.958078640513122e-14	1.109012528862502e-06
2007.7000000000053	112.30562500003725	1.200914769725059e-07	-7.958078640513122e-14	1.732530274976135e-06
2007.8500000000054	131.41702500013633	1.8568353770676005e-07	-7.958078640513122e-14	2.448798358533483e-06
2008.0000000000055	149.66602499969304	2.9212943216672114e-07	-7.958078640513122e-14	3.187857621644863e-06
2008.1500000000055	154.64522499935703	3.92795114122213e-07	-7.958078640513122e-14	3.5010050771736025e-06
2008.3000000000056	147.2150249988772	4.5413684522099815e-07	-7.958078640513122e-14	3.3769868296451566e-06
2008.4500000000057	128.21422499865292	4.351023989823677e-07	-7.958078640513122e-14	2.8044449905083313e-06
2008.6000000000058	105.0806249987334	3.787334743252102e-07	-7.958078640513122e-14	2.0883769643119386e-06
2008.750000000006	82.80562499882653	3.2299480578895647e-07	-7.958078640513122e-14	1.4334317278673347e-06
2008.900000000006	63.17122499905527	2.723454868569508e-07	-7.958078640513122e-14	8.920049000916974e-07
2009.050000000006	46.313999999128285	2.2370689879286366e-07	-7.958078640513122e-14	4.879518670924954e-07
2009.2000000000062	31.75209999931976	1.7153410901554756e-07	-7.958078640513122e-14	2.2505700757596835e-07
2009.3500000000063	21.382724999543278	1.259628723632167e-07	-7.958078640513122e-14	9.906528241412915e-08
2009.5000000000064	15.805724999587984	9.310948538288067e-08	-7.958078640513122e-14	7.322727158878827e-08
2009.6500000000065	10.562499999627471	6.222232383640281e-08	-7.958078640513122e-14	4.893562656343997e-08
2009.8000000000065	6.185399999748915	3.643739284187042e-08	-7.958078640513122e-14	2.8656702917573273e-08
2009.9500000000066	2.97862499980256	1.7546695325887374e-08	-7.958078640513122e-14	1.379984669244716e-08
2010.1000000000067	1.0690249998122454	8.07953762504976e-09	0.0009000000000469299	6.465357953178152e-09
2010.2500000000068	0.28489999985322356	2.261448100449037e-08	0.006025000000306591	1.8683161660815183e-08
2010.400000000007	0.2819999998435378	6.753272012299804e-08	0.017625000000646197	5.5817171638189444e-08
2010.550000000007	0.5855999998748302	1.4023815922276083e-07	0.036600000001021725	1.1590970110109122e-07
2010.700000000007	0.9999999999068677	2.394777309053242e-07	0.06250000000135288	1.9793323275049679e-07
2010.8500000000072	1.4963999998755753	3.5835447652204924e-07	0.09352500000156852	2.961872894863271e-07
2011.0000000000073	2.0243999999016524	4.84798718429491e-07	0.12652500000071995	4.0069603637268857e-07
2011.1500000000074	2.2324000000022353	5.346100864528358e-07	0.13952499999987822	4.418661487808062e-07
2011.3000000000075	2.1204000000841914	5.077885805879201e-07	0.1325249999990433	4.1969762671068e-07
2011.4500000000075	1.6884000002406538	4.0433420083890726e-07	0.10552499999820383	3.3419047016300383e-07
2011.6000000000076	1.170000000204891	2.801889451439776e-07	0.07312499999835609	2.3158188230953947e-07
2011.7500000000077	0.7200000002980232	1.7242396624511658e-07	0.044999999998651674	1.425119275755282e-07
2011.9000000000078	0.37440000018104913	8.96604624503472e-08	0.023399999999014653	7.410620234057918e-08
2012.050000000008	0.1476000001654029	3.534691308676452e-08	0.009224999999395323	2.9214945156119666e-08
2012.200000000008	0.032400000188499686	7.759078488045467e-09	0.002024999999713373	6.413036744701284e-09
2012.350000000008	2.7939677238464354e-10	8.326672684688674e-18	-9.094947017729283e-14	5.551115123125783e-18
2012.5000000000082	2.7939677238464354e-10	8.326672684688674e-18	-9.094947017729283e-14	5.551115123125783e-18
2012.6500000000083	2.7939677238464354e-10	8.326672684688674e-18	-9.094947017729283e-14	5.551115123125783e-18
2012.8000000000084	2.7939677238464354e-10	8.326672684688674e-18	-9.094947017729283e-14	5.551115123125783e-18
2012.9500000000085	2.7939677238464354e-10	8.326672684688674e-18	-9.094947017729283e-14	5.551115123125783e-18
2013.1000000000085	2.7939677238464354e-10	8.326672684688674e-18	-9.094947017729283e-14	5.551115123125783e-18
2013.2500000000086	2.7939677238464354e-10	8.326672684688674e-18	-9.094947017729283e-14	5.551115123125783e-18
2013.4000000000087	2.7939677238464354e-10	8.326672684688674e-18	-9.094947017729283e-14	5.551115123125783e-18
2013.5500000000088	2.7939677238464354e-10	8.326672684688674e-18	-9.094947017729283e-14	5.551115123125783e-18
2013.700000000009	2.7939677238464354e-10	8.326672684688674e-18	-9.094947017729283e-14	5.551115123125783e-18
2013.850000000009	2.7939677238464354e-10	8.326672684688674e-18	-9.094947017729283e-14	5.551115123125783e-18
